#DefaultSet:FitsFromCenter_0P

@C:10050,10050

@K:0,0
@PH21:710,0
@PH10:1790,0
@PH3+Z:6070,0
@PH2:6640,0
@PH1+Z:9150,0
@T:0,10050
@O:1000,10050
@D:1890,10050
@I1:8680,10050
@I2:7150,10050
@I3:5970,10050
@I4:5070,10050


$Assertions
Fail:K_1,PH6_1,T_4
Fail:K_1,PH4_1,PH6_4
Fail:K_1,PH3_1,PH5_4,D_4
Fail:C,D_1,T_2,PH6_2

[FitsFromCenter_0P]
10050,10050
10050,0
8680,10050
10050,11420
11420,10050
7150,10050
10050,12950
12950,10050
5970,10050
10050,14130
14130,10050

[FitsLowerLeft1]
5980,0
0,0
2140,10050

[FitsLowerLeft2]
0,0
0,10050
8340,0

[FailStep1]
0,0
9100,0
0,10050

[FailLeftCorner]
0,0
0,10050
5970,10050
2410,0

[FailShift1]
2410,0
11000,0
8680,10050

[FailShift2]
3390,0
11000,0
8680,10050
7140,10050

[FailShift3]
2410,0
11000,0
10050,8680
7140,10050

[FailCenterExtremes1]
17410,10050
8680,10050
10050,20100

[FailCenterExtremes2]
17410,10050
8680,10050
10050,20100
10050,9950

[FailCenterExtremes3]
1005,1015
241,0
1005,0

[FailCenterExtremes4]
1005,1741
269,1005
1005,597

[FailCenterExtremes5]
1005,1295
269,1005
1005,0

[FailCenterExtremes6]
1005,1741
1741,1005
1005,715
597,1005

[FailCenterHook1]
597,1005
339,0
1560,0

[FailCenterToPerimeter1]
1005,1015
598,0
1412,0

[FailCenterToPerimeter2]
1005,1015
1015,1015
339,0
1176,0

[FailCenterToPerimeter3]
1005,1015
1015,1015
241,0
1100,0

[FailCenterTwoDifferentSides1]
1005,1015
1015,1015
0,598
598,0

[FailCenterTwoDifferentSides2]
1005,1005
269,1005
1005,0
834,0

[FailCenterTwoDifferentSides3]
1005,1005
269,1005
1005,269
1005,0
1176,0

[FitsCenterTwoDifferentSidesOnly]
1005,1005
269,1005
1005,269
1005,0
1100,0

[FailPerimeter1]
0,0
0,1176
269,1005
450,0

[FailPerimeter2]
0,0
1005,269
269,1005

[FailPerimeter3]
0,0
339,0
269,1005
868,1005
0,910

[FailTtoCenter1]
597,1005
1413,1005
1005,1295
1005,0
910,0

[FailTtoCenter2]
715,1005
1295,1005
1005,1295
1005,0
598,0

[FailTtoInner]
1005,0
1005,269
269,1005
597,1005

[FitsCe_1_2_1]
1005,1005
1741,1005
1005,0
1100,0

[AllPerimeterPoints]
